7553
3217
51006
10194
672
131076
597
8537
79982
7421
1412
7433
55351
284273
9370
58493
5965
100289255
83740
1499
152485
7840
2124
2306
6622
26034
115908
10732
51122
7015
58485
5270
23491
26521
5468
51193
5600
55707
63941
3952
7582
5688
22879
200014
4780
55160
5887
64342
9951
4313
150290
5931
9771
54557
6347
6887
4173
51023
162989
5444
29100
2922
102724560
57453
1493
27152
2773
119032
392862
2146
56971
776
201625
23008
6387
440854
7004
63908
80115
50943
90737
84639
388931
196383
1557
285521
199713
162427
7584
3119
8834
146433
84993
440822
3077
91614
64240
140683
64843
154
